Instância: ins620_m=6_j=120_t=120_sw=h_dens=s_var=20
============================================================

Parâmetros do AG:
  - População: 100
  - Gerações: 1000
  - Prob. Crossover: 0.8
  - Prob. Mutação: 0.2

Dados da Instância:
  - Máquinas: 6
  - Jobs: 120
  - Ferramentas: 120

Resultados:
  - Tempo de execução: 21.63s
  - Makespan inicial: 1292.0
  - Melhor makespan: 1098.0
  - Melhoria: 194.0 (15.02%)

Melhor solução encontrada:
  Máquina 0: [30, 9, 95, 35, 119, 12, 25, 58, 110, 89, 107, 0, 23, 57, 24, 39, 105, 42, 83, 53]
  Máquina 1: [30, 40, 55, 22, 115, 92, 63, 59, 101, 107, 28, 65, 31, 100, 11, 19, 23, 64, 1, 70]
  Máquina 2: [61, 91, 99, 5, 96, 29, 41, 90, 103, 15, 18, 63, 84, 1, 64, 66, 11, 55, 116, 40]
  Máquina 3: [81, 96, 55, 109, 80, 60, 35, 33, 50, 38, 115, 16, 62, 66, 77, 24, 49, 0, 110, 86]
  Máquina 4: [62, 3, 47, 41, 90, 6, 112, 57, 24, 119, 51, 50, 68, 52, 20, 82, 71, 97, 81, 56]
  Máquina 5: [59, 113, 51, 65, 22, 115, 92, 21, 19, 20, 81, 78, 93, 13, 77, 26, 71, 8, 101, 3]
