Instância: ins606_m=6_j=120_t=120_sw=h_dens=s_var=6
============================================================

Parâmetros do AG:
  - População: 100
  - Gerações: 1000
  - Prob. Crossover: 0.8
  - Prob. Mutação: 0.2

Dados da Instância:
  - Máquinas: 6
  - Jobs: 120
  - Ferramentas: 120

Resultados:
  - Tempo de execução: 21.91s
  - Makespan inicial: 1282.0
  - Melhor makespan: 1046.0
  - Melhoria: 236.0 (18.41%)

Melhor solução encontrada:
  Máquina 0: [54, 56, 70, 21, 117, 100, 52, 24, 111, 82, 119, 90, 57, 112, 107, 6, 33, 78, 55, 50]
  Máquina 1: [115, 22, 65, 63, 107, 70, 101, 23, 31, 100, 19, 40, 59, 55, 11, 28, 64, 92, 1, 30]
  Máquina 2: [12, 43, 100, 37, 74, 114, 0, 21, 54, 46, 58, 9, 119, 44, 6, 18, 68, 92, 45, 55]
  Máquina 3: [18, 118, 85, 53, 101, 10, 91, 86, 73, 89, 37, 77, 69, 41, 60, 43, 13, 105, 20, 96]
  Máquina 4: [115, 25, 116, 22, 104, 75, 102, 3, 1, 81, 30, 79, 84, 83, 72, 31, 61, 58, 103, 28]
  Máquina 5: [23, 38, 108, 35, 68, 29, 92, 59, 36, 88, 8, 110, 114, 63, 76, 12, 16, 7, 17, 47]
