Instância: ins618_m=6_j=120_t=120_sw=h_dens=s_var=18
============================================================

Parâmetros do AG:
  - População: 100
  - Gerações: 1000
  - Prob. Crossover: 0.8
  - Prob. Mutação: 0.2

Dados da Instância:
  - Máquinas: 6
  - Jobs: 120
  - Ferramentas: 120

Resultados:
  - Tempo de execução: 21.63s
  - Makespan inicial: 1329.0
  - Melhor makespan: 1073.0
  - Melhoria: 256.0 (19.26%)

Melhor solução encontrada:
  Máquina 0: [50, 74, 61, 77, 109, 46, 101, 99, 68, 73, 62, 104, 110, 107, 88, 38, 117, 58, 83, 114]
  Máquina 1: [15, 111, 12, 42, 47, 49, 103, 40, 51, 54, 68, 37, 23, 64, 118, 62, 106, 95, 110, 79]
  Máquina 2: [105, 42, 82, 108, 6, 5, 19, 25, 0, 57, 14, 103, 73, 29, 55, 2, 62, 119, 51, 104]
  Máquina 3: [5, 20, 99, 119, 91, 116, 43, 55, 16, 93, 59, 113, 112, 81, 74, 88, 109, 98, 86, 76]
  Máquina 4: [45, 100, 36, 95, 46, 59, 21, 15, 61, 76, 97, 118, 74, 63, 104, 105, 75, 20, 111, 11]
  Máquina 5: [80, 10, 8, 42, 97, 43, 71, 16, 81, 93, 94, 66, 87, 102, 108, 59, 114, 88, 78, 91]
