Instância: ins591_m=6_j=120_t=120_sw=l_dens=d_var=11
============================================================

Parâmetros do AG:
  - População: 100
  - Gerações: 1000
  - Prob. Crossover: 0.8
  - Prob. Mutação: 0.2

Dados da Instância:
  - Máquinas: 6
  - Jobs: 120
  - Ferramentas: 120

Resultados:
  - Tempo de execução: 21.77s
  - Makespan inicial: 2205.0
  - Melhor makespan: 1997.0
  - Melhoria: 208.0 (9.43%)

Melhor solução encontrada:
  Máquina 0: [56, 51, 44, 64, 48, 23, 92, 114, 32, 43, 63, 9, 67, 78, 61, 97, 1, 25, 116, 24]
  Máquina 1: [97, 111, 24, 5, 102, 25, 94, 77, 74, 34, 116, 114, 115, 49, 46, 86, 73, 44, 83, 110]
  Máquina 2: [20, 74, 38, 91, 113, 107, 65, 110, 70, 29, 109, 119, 4, 27, 111, 87, 117, 50, 89, 76]
  Máquina 3: [72, 47, 92, 106, 89, 27, 33, 3, 16, 93, 117, 97, 30, 107, 10, 69, 99, 46, 104, 100]
  Máquina 4: [7, 41, 110, 118, 60, 66, 79, 52, 31, 98, 32, 4, 70, 105, 42, 62, 35, 28, 36, 8]
  Máquina 5: [75, 12, 39, 57, 6, 19, 0, 85, 59, 15, 14, 88, 90, 54, 96, 40, 53, 11, 55, 18]
