Instância: ins598_m=6_j=120_t=120_sw=l_dens=d_var=18
============================================================

Parâmetros do AG:
  - População: 100
  - Gerações: 1000
  - Prob. Crossover: 0.8
  - Prob. Mutação: 0.2

Dados da Instância:
  - Máquinas: 6
  - Jobs: 120
  - Ferramentas: 120

Resultados:
  - Tempo de execução: 21.38s
  - Makespan inicial: 2089.0
  - Melhor makespan: 1949.0
  - Melhoria: 140.0 (6.70%)

Melhor solução encontrada:
  Máquina 0: [92, 113, 35, 36, 72, 98, 2, 88, 110, 44, 96, 6, 49, 3, 50, 57, 7, 107, 21, 53]
  Máquina 1: [6, 40, 11, 57, 101, 18, 71, 78, 75, 30, 111, 26, 4, 28, 9, 74, 64, 3, 50]
  Máquina 2: [23, 9, 63, 106, 102, 51, 94, 114, 105, 86, 89, 61, 11, 54, 91, 82, 16, 24, 115]
  Máquina 3: [10, 67, 68, 66, 100, 108, 103, 76, 32, 43, 48, 34, 26, 31, 93, 1, 56, 38, 55, 99, 17]
  Máquina 4: [58, 81, 25, 94, 59, 15, 41, 118, 14, 37, 104, 5, 62, 69, 84, 83, 60, 70, 27, 29]
  Máquina 5: [33, 46, 119, 22, 80, 116, 85, 12, 20, 19, 0, 95, 87, 97, 75, 47, 13, 58, 14, 109]
