Instância: ins571_m=6_j=120_t=120_sw=l_dens=s_var=11
============================================================

Parâmetros do AG:
  - População: 100
  - Gerações: 1000
  - Prob. Crossover: 0.8
  - Prob. Mutação: 0.2

Dados da Instância:
  - Máquinas: 6
  - Jobs: 120
  - Ferramentas: 120

Resultados:
  - Tempo de execução: 21.77s
  - Makespan inicial: 763.0
  - Melhor makespan: 604.0
  - Melhoria: 159.0 (20.84%)

Melhor solução encontrada:
  Máquina 0: [6, 1, 54, 70, 71, 33, 21, 34, 11, 13, 28, 73, 43, 99, 116, 97, 60, 24, 74, 89]
  Máquina 1: [40, 19, 63, 17, 99, 83, 51, 27, 41, 85, 49, 62, 39, 93, 46, 86, 79, 72, 81, 48]
  Máquina 2: [116, 52, 77, 11, 18, 88, 53, 22, 89, 60, 28, 118, 106, 56, 3, 31, 105, 24, 6, 64]
  Máquina 3: [0, 4, 84, 26, 61, 36, 113, 59, 53, 114, 37, 66, 117, 104, 15, 57, 19, 46, 39, 67]
  Máquina 4: [67, 57, 68, 119, 98, 115, 78, 20, 50, 14, 47, 97, 29, 112, 9, 113, 13, 100, 35, 69]
  Máquina 5: [64, 17, 67, 21, 18, 82, 63, 55, 76, 62, 56, 47, 50, 35, 107, 10, 51, 5, 114, 59]
