Instância: ins627_m=6_j=120_t=120_sw=h_dens=d_var=7
============================================================

Parâmetros do AG:
  - População: 100
  - Gerações: 1000
  - Prob. Crossover: 0.8
  - Prob. Mutação: 0.2

Dados da Instância:
  - Máquinas: 6
  - Jobs: 120
  - Ferramentas: 120

Resultados:
  - Tempo de execução: 21.30s
  - Makespan inicial: 3600.0
  - Melhor makespan: 3131.0
  - Melhoria: 469.0 (13.03%)

Melhor solução encontrada:
  Máquina 0: [49, 53, 68, 83, 14, 26, 75, 62, 50, 89, 54, 60, 86, 48, 0, 65, 20, 9, 56, 46]
  Máquina 1: [68, 56, 30, 67, 96, 44, 40, 50, 111, 9, 47, 17, 16, 34, 75, 54, 89, 99, 59, 43]
  Máquina 2: [6, 98, 117, 101, 64, 38, 61, 118, 83, 13, 88, 28, 24, 5, 51, 105, 55, 107, 57]
  Máquina 3: [110, 74, 81, 37, 49, 42, 63, 71, 86, 97, 76, 78, 82, 85, 12, 7, 23, 69, 21]
  Máquina 4: [103, 119, 25, 11, 3, 1, 10, 80, 87, 22, 41, 45, 29, 77, 15, 18, 0, 33, 27, 31]
  Máquina 5: [92, 2, 63, 93, 106, 72, 44, 96, 1, 4, 102, 8, 81, 3, 15, 100, 27, 36, 70, 109, 5]
