Instância: ins568_m=6_j=120_t=120_sw=l_dens=s_var=8
============================================================

Parâmetros do AG:
  - População: 100
  - Gerações: 1000
  - Prob. Crossover: 0.8
  - Prob. Mutação: 0.2

Dados da Instância:
  - Máquinas: 6
  - Jobs: 120
  - Ferramentas: 120

Resultados:
  - Tempo de execução: 21.80s
  - Makespan inicial: 807.0
  - Melhor makespan: 673.0
  - Melhoria: 134.0 (16.60%)

Melhor solução encontrada:
  Máquina 0: [16, 71, 60, 49, 40, 63, 113, 22, 51, 62, 6, 28, 73, 77, 8, 5, 32, 98, 15, 34]
  Máquina 1: [95, 49, 79, 40, 54, 64, 47, 15, 62, 68, 118, 42, 37, 51, 12, 110, 106, 103, 23, 111]
  Máquina 2: [50, 105, 112, 55, 37, 66, 96, 58, 117, 12, 8, 80, 43, 109, 51, 7, 68, 61, 42, 28]
  Máquina 3: [53, 65, 41, 26, 73, 97, 35, 60, 102, 107, 15, 82, 1, 56, 76, 25, 20, 93, 30, 23]
  Máquina 4: [57, 0, 34, 6, 83, 81, 96, 28, 90, 116, 60, 85, 12, 79, 56, 26, 113, 97, 35, 62]
  Máquina 5: [45, 95, 37, 3, 0, 2, 113, 83, 25, 78, 54, 70, 118, 51, 82, 67, 58, 101, 71, 42]
