Instância: ins619_m=6_j=120_t=120_sw=h_dens=s_var=19
============================================================

Parâmetros do AG:
  - População: 100
  - Gerações: 1000
  - Prob. Crossover: 0.8
  - Prob. Mutação: 0.2

Dados da Instância:
  - Máquinas: 6
  - Jobs: 120
  - Ferramentas: 120

Resultados:
  - Tempo de execução: 21.51s
  - Makespan inicial: 1305.0
  - Melhor makespan: 1058.0
  - Melhoria: 247.0 (18.93%)

Melhor solução encontrada:
  Máquina 0: [81, 68, 86, 91, 115, 74, 12, 2, 69, 110, 63, 78, 93, 38, 65, 76, 35, 70, 48, 118]
  Máquina 1: [95, 86, 76, 119, 60, 117, 91, 3, 35, 9, 67, 41, 31, 46, 116, 8, 56, 104, 34, 7]
  Máquina 2: [28, 29, 102, 75, 42, 0, 93, 70, 62, 2, 76, 58, 43, 83, 14, 107, 101, 37, 116, 65]
  Máquina 3: [100, 35, 29, 5, 76, 4, 93, 74, 53, 50, 22, 87, 14, 104, 109, 39, 66, 98, 83, 117]
  Máquina 4: [96, 42, 83, 10, 61, 84, 38, 81, 33, 70, 4, 85, 50, 107, 53, 108, 118, 26, 97, 24]
  Máquina 5: [84, 89, 66, 105, 70, 22, 47, 50, 106, 61, 40, 95, 113, 29, 62, 118, 94, 83, 80, 88]
