Instância: ins634_m=6_j=120_t=120_sw=h_dens=d_var=14
============================================================

Parâmetros do AG:
  - População: 100
  - Gerações: 1000
  - Prob. Crossover: 0.8
  - Prob. Mutação: 0.2

Dados da Instância:
  - Máquinas: 6
  - Jobs: 120
  - Ferramentas: 120

Resultados:
  - Tempo de execução: 21.45s
  - Makespan inicial: 3554.0
  - Melhor makespan: 3174.0
  - Melhoria: 380.0 (10.69%)

Melhor solução encontrada:
  Máquina 0: [20, 87, 108, 80, 90, 51, 55, 63, 46, 104, 102, 27, 66, 78, 38, 99, 26, 50, 103, 8]
  Máquina 1: [84, 10, 3, 99, 20, 107, 0, 89, 31, 30, 8, 92, 86, 106, 42, 109, 59, 103, 85, 47]
  Máquina 2: [78, 33, 55, 14, 97, 94, 96, 105, 35, 102, 28, 22, 13, 88, 16, 74, 113, 52, 45]
  Máquina 3: [79, 86, 19, 22, 15, 53, 21, 58, 119, 118, 59, 112, 24, 28, 115, 37, 18, 5, 88, 82]
  Máquina 4: [24, 83, 100, 54, 9, 77, 98, 47, 71, 41, 99, 113, 19, 108, 39, 1, 4, 119, 79, 30]
  Máquina 5: [104, 53, 48, 7, 57, 40, 114, 11, 116, 1, 95, 80, 73, 81, 8, 44, 34, 82, 43, 91]
