Instância: ins566_m=6_j=120_t=120_sw=l_dens=s_var=6
============================================================

Parâmetros do AG:
  - População: 100
  - Gerações: 1000
  - Prob. Crossover: 0.8
  - Prob. Mutação: 0.2

Dados da Instância:
  - Máquinas: 6
  - Jobs: 120
  - Ferramentas: 120

Resultados:
  - Tempo de execução: 21.48s
  - Makespan inicial: 751.0
  - Melhor makespan: 636.0
  - Melhoria: 115.0 (15.31%)

Melhor solução encontrada:
  Máquina 0: [21, 55, 112, 117, 33, 100, 50, 54, 6, 82, 24, 90, 119, 111, 52, 57, 78, 107, 56, 70]
  Máquina 1: [13, 75, 15, 109, 84, 64, 62, 103, 18, 113, 38, 7, 20, 95, 79, 2, 17, 50, 26, 11]
  Máquina 2: [119, 106, 23, 4, 69, 70, 109, 47, 107, 99, 92, 71, 15, 8, 10, 74, 42, 68, 91, 52]
  Máquina 3: [117, 45, 56, 84, 8, 1, 15, 66, 113, 27, 80, 103, 20, 38, 0, 10, 34, 14, 11, 81]
  Máquina 4: [65, 40, 80, 102, 86, 112, 61, 105, 63, 75, 50, 16, 54, 117, 88, 31, 66, 19, 82, 24]
  Máquina 5: [96, 76, 29, 71, 30, 34, 16, 44, 62, 13, 108, 1, 19, 3, 41, 60, 95, 91, 54, 42]
