Instância: ins580_m=6_j=120_t=120_sw=l_dens=s_var=20
============================================================

Parâmetros do AG:
  - População: 100
  - Gerações: 1000
  - Prob. Crossover: 0.8
  - Prob. Mutação: 0.2

Dados da Instância:
  - Máquinas: 6
  - Jobs: 120
  - Ferramentas: 120

Resultados:
  - Tempo de execução: 21.56s
  - Makespan inicial: 777.0
  - Melhor makespan: 610.0
  - Melhoria: 167.0 (21.49%)

Melhor solução encontrada:
  Máquina 0: [79, 52, 30, 4, 48, 93, 2, 40, 71, 85, 94, 23, 78, 66, 91, 37, 92, 114, 67, 87]
  Máquina 1: [67, 42, 82, 103, 73, 98, 2, 75, 52, 54, 71, 77, 25, 4, 31, 64, 68, 91, 58, 114]
  Máquina 2: [22, 34, 45, 42, 41, 37, 23, 12, 48, 62, 2, 4, 71, 28, 103, 65, 119, 8, 69, 49]
  Máquina 3: [60, 55, 62, 0, 109, 115, 86, 38, 35, 81, 66, 33, 110, 16, 24, 80, 77, 50, 49, 96]
  Máquina 4: [68, 50, 43, 113, 85, 63, 101, 78, 99, 103, 102, 47, 11, 79, 111, 56, 28, 51, 65, 32]
  Máquina 5: [80, 77, 69, 81, 12, 59, 55, 8, 44, 18, 63, 34, 105, 61, 104, 119, 9, 101, 110, 68]
