Instância: ins576_m=6_j=120_t=120_sw=l_dens=s_var=16
============================================================

Parâmetros do AG:
  - População: 100
  - Gerações: 1000
  - Prob. Crossover: 0.8
  - Prob. Mutação: 0.2

Dados da Instância:
  - Máquinas: 6
  - Jobs: 120
  - Ferramentas: 120

Resultados:
  - Tempo de execução: 21.41s
  - Makespan inicial: 759.0
  - Melhor makespan: 616.0
  - Melhoria: 143.0 (18.84%)

Melhor solução encontrada:
  Máquina 0: [27, 30, 98, 4, 56, 107, 51, 6, 47, 72, 7, 1, 91, 52, 26, 28, 99, 92, 29, 85]
  Máquina 1: [19, 46, 49, 41, 48, 86, 62, 63, 40, 72, 81, 93, 85, 27, 17, 51, 79, 39, 99, 83]
  Máquina 2: [31, 92, 70, 0, 17, 96, 3, 63, 75, 85, 58, 4, 90, 100, 97, 83, 32, 22, 117, 26]
  Máquina 3: [35, 25, 114, 14, 59, 89, 64, 116, 34, 53, 119, 38, 84, 10, 32, 37, 110, 81, 26, 93]
  Máquina 4: [63, 3, 55, 30, 58, 77, 83, 43, 36, 85, 15, 102, 104, 18, 29, 66, 46, 118, 19, 47]
  Máquina 5: [12, 33, 113, 5, 87, 74, 115, 26, 112, 67, 41, 4, 18, 116, 106, 75, 93, 1, 13, 69]
