Instância: ins572_m=6_j=120_t=120_sw=l_dens=s_var=12
============================================================

Parâmetros do AG:
  - População: 100
  - Gerações: 1000
  - Prob. Crossover: 0.8
  - Prob. Mutação: 0.2

Dados da Instância:
  - Máquinas: 6
  - Jobs: 120
  - Ferramentas: 120

Resultados:
  - Tempo de execução: 21.68s
  - Makespan inicial: 802.0
  - Melhor makespan: 682.0
  - Melhoria: 120.0 (14.96%)

Melhor solução encontrada:
  Máquina 0: [16, 2, 107, 25, 93, 21, 116, 87, 96, 47, 61, 6, 115, 52, 26, 66, 84, 12, 28, 105]
  Máquina 1: [91, 33, 63, 39, 109, 99, 51, 79, 8, 112, 38, 2, 69, 11, 3, 115, 111, 52, 59, 98]
  Máquina 2: [78, 82, 48, 95, 61, 41, 90, 86, 112, 15, 105, 12, 21, 14, 33, 39, 46, 1, 117, 60]
  Máquina 3: [79, 32, 91, 52, 9, 15, 10, 67, 20, 24, 72, 109, 89, 1, 85, 3, 73, 18, 110, 11]
  Máquina 4: [37, 57, 55, 0, 5, 43, 108, 25, 86, 58, 78, 51, 73, 64, 114, 18, 16, 101, 35, 80]
  Máquina 5: [108, 89, 98, 22, 3, 46, 93, 102, 79, 42, 0, 13, 27, 48, 5, 30, 11, 59, 18, 12]
