Instância: ins637_m=6_j=120_t=120_sw=h_dens=d_var=17
============================================================

Parâmetros do AG:
  - População: 100
  - Gerações: 1000
  - Prob. Crossover: 0.8
  - Prob. Mutação: 0.2

Dados da Instância:
  - Máquinas: 6
  - Jobs: 120
  - Ferramentas: 120

Resultados:
  - Tempo de execução: 21.21s
  - Makespan inicial: 3704.0
  - Melhor makespan: 3299.0
  - Melhoria: 405.0 (10.93%)

Melhor solução encontrada:
  Máquina 0: [27, 104, 79, 61, 83, 55, 113, 108, 109, 32, 10, 34, 89, 105, 53, 72, 116, 111, 90, 118]
  Máquina 1: [61, 80, 112, 50, 65, 43, 4, 75, 3, 7, 15, 56, 31, 92, 42, 108, 32, 104, 46, 76]
  Máquina 2: [76, 38, 110, 23, 87, 80, 92, 64, 40, 19, 46, 69, 98, 117, 57, 5, 9, 28, 20, 99]
  Máquina 3: [54, 86, 20, 62, 4, 73, 58, 103, 17, 2, 8, 116, 77, 97, 70, 43, 85, 91, 44, 41]
  Máquina 4: [5, 74, 119, 7, 45, 95, 106, 58, 59, 101, 46, 22, 94, 26, 68, 76, 29, 9, 52, 102]
  Máquina 5: [11, 37, 114, 81, 93, 1, 100, 58, 68, 33, 39, 82, 18, 73, 14, 35, 60, 78, 6, 63]
