Instância: ins599_m=6_j=120_t=120_sw=l_dens=d_var=19
============================================================

Parâmetros do AG:
  - População: 100
  - Gerações: 1000
  - Prob. Crossover: 0.8
  - Prob. Mutação: 0.2

Dados da Instância:
  - Máquinas: 6
  - Jobs: 120
  - Ferramentas: 120

Resultados:
  - Tempo de execução: 21.31s
  - Makespan inicial: 2334.0
  - Melhor makespan: 2063.0
  - Melhoria: 271.0 (11.61%)

Melhor solução encontrada:
  Máquina 0: [98, 108, 15, 52, 5, 100, 32, 12, 8, 58, 22, 91, 21, 26, 115, 14, 1, 40, 57, 86]
  Máquina 1: [110, 32, 96, 92, 11, 52, 0, 12, 42, 44, 89, 113, 41, 58, 30, 47, 95, 108, 4]
  Máquina 2: [50, 95, 51, 117, 114, 75, 13, 83, 56, 67, 40, 93, 11, 43, 81, 70, 10, 118, 87, 37]
  Máquina 3: [16, 39, 64, 103, 6, 80, 67, 28, 108, 19, 78, 27, 72, 34, 61, 52, 88, 117, 53, 51]
  Máquina 4: [101, 116, 99, 106, 74, 24, 102, 23, 85, 48, 18, 79, 63, 46, 9, 71, 47, 84, 20]
  Máquina 5: [2, 3, 94, 109, 7, 68, 17, 105, 69, 66, 62, 82, 97, 65, 112, 38, 107, 59, 60, 25, 73]
