Instância: ins608_m=6_j=120_t=120_sw=h_dens=s_var=8
============================================================

Parâmetros do AG:
  - População: 100
  - Gerações: 1000
  - Prob. Crossover: 0.8
  - Prob. Mutação: 0.2

Dados da Instância:
  - Máquinas: 6
  - Jobs: 120
  - Ferramentas: 120

Resultados:
  - Tempo de execução: 21.61s
  - Makespan inicial: 1260.0
  - Melhor makespan: 1127.0
  - Melhoria: 133.0 (10.56%)

Melhor solução encontrada:
  Máquina 0: [6, 72, 91, 98, 56, 28, 52, 26, 30, 51, 7, 1, 27, 99, 92, 4, 85, 107, 29, 47]
  Máquina 1: [57, 12, 102, 23, 94, 93, 117, 14, 90, 19, 87, 68, 48, 9, 5, 10, 17, 41, 65, 79]
  Máquina 2: [13, 119, 82, 92, 11, 51, 36, 54, 38, 22, 49, 1, 7, 12, 93, 48, 9, 5, 60, 6]
  Máquina 3: [110, 32, 49, 44, 82, 102, 52, 92, 61, 7, 19, 74, 91, 119, 9, 79, 76, 104, 77, 115]
  Máquina 4: [76, 100, 104, 74, 15, 97, 59, 118, 75, 105, 61, 36, 95, 11, 45, 46, 21, 20, 111, 63]
  Máquina 5: [116, 18, 114, 32, 89, 13, 112, 101, 53, 43, 64, 113, 71, 22, 69, 78, 84, 2, 54, 83]
