Instância: ins596_m=6_j=120_t=120_sw=l_dens=d_var=16
============================================================

Parâmetros do AG:
  - População: 100
  - Gerações: 1000
  - Prob. Crossover: 0.8
  - Prob. Mutação: 0.2

Dados da Instância:
  - Máquinas: 6
  - Jobs: 120
  - Ferramentas: 120

Resultados:
  - Tempo de execução: 21.17s
  - Makespan inicial: 2103.0
  - Melhor makespan: 1814.0
  - Melhoria: 289.0 (13.74%)

Melhor solução encontrada:
  Máquina 0: [82, 89, 11, 116, 99, 20, 108, 24, 48, 118, 44, 38, 105, 83, 2, 92, 36, 3, 109, 53]
  Máquina 1: [39, 119, 71, 106, 49, 8, 31, 98, 78, 57, 6, 105, 30, 64, 95, 89, 20, 67, 113, 81]
  Máquina 2: [96, 105, 115, 83, 116, 5, 114, 111, 54, 59, 69, 10, 61, 13, 7, 8, 16, 84, 31, 103]
  Máquina 3: [22, 90, 46, 45, 13, 91, 19, 76, 18, 79, 101, 109, 85, 97, 49, 4, 68, 24, 17]
  Máquina 4: [14, 64, 109, 95, 62, 41, 32, 40, 90, 92, 87, 73, 74, 47, 26, 112, 58, 50, 1, 33]
  Máquina 5: [24, 4, 28, 25, 108, 34, 66, 55, 51, 77, 37, 117, 86, 32, 60, 80, 72, 93, 56, 87]
