Instância: ins623_m=6_j=120_t=120_sw=h_dens=d_var=3
============================================================

Parâmetros do AG:
  - População: 100
  - Gerações: 1000
  - Prob. Crossover: 0.8
  - Prob. Mutação: 0.2

Dados da Instância:
  - Máquinas: 6
  - Jobs: 120
  - Ferramentas: 120

Resultados:
  - Tempo de execução: 21.44s
  - Makespan inicial: 3693.0
  - Melhor makespan: 3241.0
  - Melhoria: 452.0 (12.24%)

Melhor solução encontrada:
  Máquina 0: [39, 67, 8, 34, 47, 45, 40, 61, 1, 30, 52, 104, 76, 14, 13, 95, 110, 92, 0, 116]
  Máquina 1: [29, 88, 32, 53, 33, 13, 87, 9, 99, 67, 50, 54, 11, 113, 59, 77, 61, 27, 49, 31]
  Máquina 2: [27, 115, 78, 56, 15, 105, 53, 32, 37, 19, 109, 10, 59, 20, 84, 68, 81, 33, 16, 29]
  Máquina 3: [19, 83, 48, 77, 36, 86, 111, 118, 91, 79, 106, 65, 108, 61, 18, 104, 54, 97, 76, 10]
  Máquina 4: [80, 21, 79, 4, 66, 17, 60, 28, 23, 73, 46, 65, 89, 100, 42, 109, 119, 82, 74, 49]
  Máquina 5: [22, 62, 51, 12, 63, 58, 41, 102, 70, 6, 114, 3, 7, 44, 112, 24, 71, 26, 60, 75]
