Instância: ins573_m=6_j=120_t=120_sw=l_dens=s_var=13
============================================================

Parâmetros do AG:
  - População: 100
  - Gerações: 1000
  - Prob. Crossover: 0.8
  - Prob. Mutação: 0.2

Dados da Instância:
  - Máquinas: 6
  - Jobs: 120
  - Ferramentas: 120

Resultados:
  - Tempo de execução: 21.65s
  - Makespan inicial: 756.0
  - Melhor makespan: 623.0
  - Melhoria: 133.0 (17.59%)

Melhor solução encontrada:
  Máquina 0: [38, 75, 81, 79, 110, 41, 59, 116, 23, 13, 70, 37, 7, 22, 27, 52, 105, 80, 56, 54]
  Máquina 1: [48, 73, 72, 104, 24, 114, 108, 21, 90, 88, 119, 74, 26, 102, 2, 15, 69, 34, 3, 55]
  Máquina 2: [6, 108, 24, 82, 51, 47, 75, 11, 28, 73, 105, 96, 50, 15, 60, 89, 13, 83, 112, 62]
  Máquina 3: [109, 83, 94, 40, 105, 64, 88, 21, 58, 27, 14, 97, 72, 26, 90, 18, 45, 107, 106, 74]
  Máquina 4: [59, 6, 26, 35, 18, 9, 83, 65, 3, 49, 12, 109, 100, 70, 41, 42, 117, 73, 14, 0]
  Máquina 5: [33, 77, 117, 12, 83, 45, 67, 1, 28, 97, 42, 115, 58, 65, 86, 100, 112, 92, 4, 36]
