Instância: ins581_m=6_j=120_t=120_sw=l_dens=d_var=1
============================================================

Parâmetros do AG:
  - População: 100
  - Gerações: 1000
  - Prob. Crossover: 0.8
  - Prob. Mutação: 0.2

Dados da Instância:
  - Máquinas: 6
  - Jobs: 120
  - Ferramentas: 120

Resultados:
  - Tempo de execução: 21.54s
  - Makespan inicial: 2248.0
  - Melhor makespan: 2064.0
  - Melhoria: 184.0 (8.19%)

Melhor solução encontrada:
  Máquina 0: [97, 29, 114, 89, 94, 51, 55, 53, 84, 86, 38, 91, 35, 63, 100, 107, 65, 27, 108, 46]
  Máquina 1: [40, 5, 108, 100, 80, 52, 15, 74, 76, 73, 34, 37, 2, 71, 114, 116, 21, 17, 19, 35]
  Máquina 2: [64, 113, 18, 102, 99, 107, 48, 106, 98, 10, 112, 51, 31, 43, 60, 100, 115, 50, 94, 36]
  Máquina 3: [79, 78, 112, 54, 98, 85, 53, 83, 41, 113, 50, 57, 84, 58, 59, 4, 19, 114, 23, 47]
  Máquina 4: [7, 39, 75, 82, 69, 6, 68, 88, 14, 9, 102, 1, 21, 32, 72, 28, 78, 54, 42, 20]
  Máquina 5: [70, 62, 16, 24, 96, 33, 44, 61, 110, 109, 93, 117, 13, 90, 26, 56, 103, 95, 77, 22]
