Instância: ins575_m=6_j=120_t=120_sw=l_dens=s_var=15
============================================================

Parâmetros do AG:
  - População: 100
  - Gerações: 1000
  - Prob. Crossover: 0.8
  - Prob. Mutação: 0.2

Dados da Instância:
  - Máquinas: 6
  - Jobs: 120
  - Ferramentas: 120

Resultados:
  - Tempo de execução: 21.64s
  - Makespan inicial: 746.0
  - Melhor makespan: 637.0
  - Melhoria: 109.0 (14.61%)

Melhor solução encontrada:
  Máquina 0: [34, 64, 5, 15, 41, 57, 18, 102, 47, 55, 112, 86, 69, 97, 0, 52, 75, 3, 94, 58]
  Máquina 1: [103, 26, 22, 62, 7, 87, 78, 1, 60, 2, 105, 16, 44, 49, 42, 92, 27, 29, 50, 37]
  Máquina 2: [25, 0, 64, 49, 48, 74, 88, 34, 79, 81, 117, 30, 75, 73, 32, 90, 118, 51, 17, 50]
  Máquina 3: [72, 91, 104, 26, 11, 71, 105, 69, 56, 44, 3, 86, 84, 62, 17, 52, 25, 43, 99, 79]
  Máquina 4: [59, 28, 49, 100, 81, 97, 77, 50, 89, 74, 110, 73, 12, 68, 48, 115, 32, 98, 116, 94]
  Máquina 5: [93, 98, 46, 79, 18, 12, 42, 11, 30, 59, 3, 102, 89, 22, 0, 108, 13, 5, 27, 48]
