Instância: ins614_m=6_j=120_t=120_sw=h_dens=s_var=14
============================================================

Parâmetros do AG:
  - População: 100
  - Gerações: 1000
  - Prob. Crossover: 0.8
  - Prob. Mutação: 0.2

Dados da Instância:
  - Máquinas: 6
  - Jobs: 120
  - Ferramentas: 120

Resultados:
  - Tempo de execução: 21.60s
  - Makespan inicial: 1356.0
  - Melhor makespan: 1045.0
  - Melhoria: 311.0 (22.94%)

Melhor solução encontrada:
  Máquina 0: [110, 9, 105, 42, 35, 83, 58, 0, 24, 57, 25, 53, 12, 30, 39, 89, 95, 119, 107, 23]
  Máquina 1: [55, 112, 67, 94, 111, 66, 78, 4, 84, 41, 25, 34, 101, 1, 9, 2, 47, 107, 79, 76]
  Máquina 2: [43, 101, 2, 29, 42, 14, 83, 70, 102, 75, 28, 76, 93, 58, 0, 107, 65, 62, 37, 116]
  Máquina 3: [62, 49, 33, 73, 115, 54, 109, 56, 59, 60, 1, 0, 99, 13, 101, 27, 30, 38, 66, 26]
  Máquina 4: [66, 46, 59, 90, 78, 112, 42, 72, 97, 45, 53, 22, 61, 65, 96, 111, 81, 15, 40, 51]
  Máquina 5: [76, 109, 10, 105, 73, 8, 69, 67, 25, 54, 18, 20, 63, 39, 75, 23, 11, 26, 74, 86]
