Instância: ins612_m=6_j=120_t=120_sw=h_dens=s_var=12
============================================================

Parâmetros do AG:
  - População: 100
  - Gerações: 1000
  - Prob. Crossover: 0.8
  - Prob. Mutação: 0.2

Dados da Instância:
  - Máquinas: 6
  - Jobs: 120
  - Ferramentas: 120

Resultados:
  - Tempo de execução: 21.60s
  - Makespan inicial: 1237.0
  - Melhor makespan: 1041.0
  - Melhoria: 196.0 (15.84%)

Melhor solução encontrada:
  Máquina 0: [14, 74, 59, 114, 60, 46, 79, 100, 105, 47, 72, 23, 4, 33, 84, 3, 92, 18, 12, 43]
  Máquina 1: [33, 98, 54, 46, 84, 90, 40, 73, 12, 27, 51, 92, 79, 17, 82, 37, 18, 87, 67, 107]
  Máquina 2: [55, 54, 23, 46, 65, 93, 73, 2, 15, 68, 90, 95, 50, 11, 61, 79, 4, 40, 8, 48]
  Máquina 3: [97, 87, 25, 9, 31, 101, 5, 30, 81, 119, 67, 69, 18, 10, 32, 43, 91, 41, 39, 108]
  Máquina 4: [9, 38, 89, 45, 16, 116, 109, 112, 44, 99, 46, 12, 94, 62, 24, 52, 70, 50, 57, 74]
  Máquina 5: [97, 4, 100, 12, 112, 86, 28, 1, 33, 36, 92, 65, 67, 83, 42, 117, 58, 45, 77, 115]
