Instância: ins602_m=6_j=120_t=120_sw=h_dens=s_var=2
============================================================

Parâmetros do AG:
  - População: 100
  - Gerações: 1000
  - Prob. Crossover: 0.8
  - Prob. Mutação: 0.2

Dados da Instância:
  - Máquinas: 6
  - Jobs: 120
  - Ferramentas: 120

Resultados:
  - Tempo de execução: 21.63s
  - Makespan inicial: 1296.0
  - Melhor makespan: 1092.0
  - Melhoria: 204.0 (15.74%)

Melhor solução encontrada:
  Máquina 0: [114, 74, 22, 23, 117, 63, 99, 35, 9, 112, 27, 70, 43, 96, 18, 46, 48, 100, 60, 97]
  Máquina 1: [79, 13, 54, 20, 112, 14, 22, 118, 80, 59, 35, 90, 76, 32, 77, 3, 65, 92, 85, 58]
  Máquina 2: [109, 66, 21, 2, 36, 72, 52, 10, 75, 101, 46, 111, 105, 113, 39, 1, 107, 108, 100, 50]
  Máquina 3: [84, 18, 54, 79, 96, 4, 8, 88, 29, 16, 57, 55, 24, 89, 76, 35, 78, 119, 64, 66]
  Máquina 4: [108, 33, 95, 73, 118, 0, 92, 26, 75, 6, 1, 88, 71, 85, 42, 116, 30, 60, 10, 114]
  Máquina 5: [113, 72, 84, 23, 80, 49, 59, 9, 71, 109, 91, 77, 69, 107, 4, 104, 64, 18, 39, 90]
