Instância: ins570_m=6_j=120_t=120_sw=l_dens=s_var=10
============================================================

Parâmetros do AG:
  - População: 100
  - Gerações: 1000
  - Prob. Crossover: 0.8
  - Prob. Mutação: 0.2

Dados da Instância:
  - Máquinas: 6
  - Jobs: 120
  - Ferramentas: 120

Resultados:
  - Tempo de execução: 21.80s
  - Makespan inicial: 744.0
  - Melhor makespan: 596.0
  - Melhoria: 148.0 (19.89%)

Melhor solução encontrada:
  Máquina 0: [90, 98, 67, 31, 30, 104, 114, 8, 43, 19, 105, 112, 85, 83, 57, 0, 84, 26, 47, 42]
  Máquina 1: [118, 113, 73, 2, 84, 76, 45, 32, 63, 83, 0, 89, 111, 28, 75, 22, 57, 103, 40, 9]
  Máquina 2: [34, 117, 60, 14, 35, 116, 107, 90, 100, 94, 6, 22, 73, 101, 63, 33, 99, 103, 85, 56]
  Máquina 3: [70, 82, 60, 31, 47, 46, 37, 14, 117, 102, 44, 69, 45, 2, 33, 49, 80, 28, 76, 112]
  Máquina 4: [39, 31, 62, 30, 57, 0, 95, 55, 58, 38, 96, 72, 26, 78, 21, 51, 106, 83, 65, 64]
  Máquina 5: [18, 49, 55, 101, 14, 113, 48, 35, 27, 79, 51, 4, 73, 23, 74, 46, 36, 39, 50, 110]
