Instância: ins563_m=6_j=120_t=120_sw=l_dens=s_var=3
============================================================

Parâmetros do AG:
  - População: 100
  - Gerações: 1000
  - Prob. Crossover: 0.8
  - Prob. Mutação: 0.2

Dados da Instância:
  - Máquinas: 6
  - Jobs: 120
  - Ferramentas: 120

Resultados:
  - Tempo de execução: 21.62s
  - Makespan inicial: 776.0
  - Melhor makespan: 632.0
  - Melhoria: 144.0 (18.56%)

Melhor solução encontrada:
  Máquina 0: [110, 78, 86, 35, 48, 76, 2, 12, 69, 70, 68, 74, 115, 93, 81, 91, 118, 63, 38, 65]
  Máquina 1: [47, 10, 77, 36, 46, 32, 12, 28, 39, 113, 86, 84, 41, 106, 53, 23, 29, 78, 27, 104]
  Máquina 2: [101, 66, 2, 50, 100, 109, 107, 10, 113, 21, 75, 46, 36, 111, 105, 72, 1, 108, 39, 52]
  Máquina 3: [11, 33, 31, 5, 13, 72, 105, 88, 112, 29, 80, 96, 85, 89, 87, 95, 22, 66, 43, 40]
  Máquina 4: [65, 118, 116, 91, 75, 93, 103, 49, 111, 12, 88, 84, 97, 34, 66, 72, 58, 85, 26, 74]
  Máquina 5: [104, 45, 50, 61, 7, 51, 64, 28, 49, 39, 75, 44, 24, 15, 25, 1, 59, 111, 20, 92]
