Instância: ins610_m=6_j=120_t=120_sw=h_dens=s_var=10
============================================================

Parâmetros do AG:
  - População: 100
  - Gerações: 1000
  - Prob. Crossover: 0.8
  - Prob. Mutação: 0.2

Dados da Instância:
  - Máquinas: 6
  - Jobs: 120
  - Ferramentas: 120

Resultados:
  - Tempo de execução: 21.43s
  - Makespan inicial: 1267.0
  - Melhor makespan: 1011.0
  - Melhoria: 256.0 (20.21%)

Melhor solução encontrada:
  Máquina 0: [40, 67, 94, 2, 4, 85, 92, 93, 79, 66, 87, 91, 23, 71, 78, 48, 37, 114, 52, 30]
  Máquina 1: [40, 36, 75, 99, 6, 55, 88, 18, 1, 118, 96, 106, 87, 61, 5, 51, 84, 101, 39, 64]
  Máquina 2: [116, 107, 103, 94, 73, 85, 60, 99, 6, 100, 34, 117, 14, 63, 101, 90, 33, 35, 56, 22]
  Máquina 3: [95, 117, 7, 26, 74, 76, 42, 77, 2, 69, 34, 53, 89, 58, 110, 4, 118, 109, 104, 49]
  Máquina 4: [119, 88, 26, 43, 9, 115, 101, 36, 21, 84, 16, 41, 0, 19, 34, 59, 99, 51, 103, 38]
  Máquina 5: [115, 82, 97, 24, 106, 1, 61, 74, 112, 48, 39, 23, 92, 17, 111, 60, 86, 95, 50, 94]
