Instância: ins577_m=6_j=120_t=120_sw=l_dens=s_var=17
============================================================

Parâmetros do AG:
  - População: 100
  - Gerações: 1000
  - Prob. Crossover: 0.8
  - Prob. Mutação: 0.2

Dados da Instância:
  - Máquinas: 6
  - Jobs: 120
  - Ferramentas: 120

Resultados:
  - Tempo de execução: 21.63s
  - Makespan inicial: 789.0
  - Melhor makespan: 654.0
  - Melhoria: 135.0 (17.11%)

Melhor solução encontrada:
  Máquina 0: [90, 106, 103, 44, 46, 57, 51, 49, 7, 43, 67, 19, 21, 3, 16, 20, 23, 112, 77, 41]
  Máquina 1: [61, 50, 79, 96, 25, 29, 60, 85, 31, 34, 106, 87, 7, 57, 8, 27, 38, 45, 76, 114]
  Máquina 2: [31, 96, 4, 63, 0, 75, 85, 3, 26, 117, 58, 90, 83, 17, 97, 32, 70, 92, 22, 100]
  Máquina 3: [64, 88, 36, 63, 19, 62, 39, 71, 37, 105, 29, 50, 84, 103, 90, 101, 21, 104, 65, 80]
  Máquina 4: [36, 105, 30, 39, 87, 78, 18, 24, 28, 46, 34, 52, 73, 44, 89, 94, 29, 61, 84, 14]
  Máquina 5: [23, 9, 18, 71, 91, 39, 104, 113, 59, 109, 77, 80, 4, 49, 90, 84, 72, 107, 64, 69]
