Instância: ins562_m=6_j=120_t=120_sw=l_dens=s_var=2
============================================================

Parâmetros do AG:
  - População: 100
  - Gerações: 1000
  - Prob. Crossover: 0.8
  - Prob. Mutação: 0.2

Dados da Instância:
  - Máquinas: 6
  - Jobs: 120
  - Ferramentas: 120

Resultados:
  - Tempo de execução: 21.56s
  - Makespan inicial: 789.0
  - Melhor makespan: 627.0
  - Melhoria: 162.0 (20.53%)

Melhor solução encontrada:
  Máquina 0: [43, 106, 103, 51, 77, 7, 3, 44, 21, 49, 16, 23, 57, 41, 67, 19, 20, 112, 46, 90]
  Máquina 1: [81, 86, 15, 16, 101, 8, 54, 62, 46, 76, 43, 79, 49, 111, 53, 73, 67, 100, 110, 23]
  Máquina 2: [22, 11, 53, 19, 7, 114, 65, 113, 26, 38, 97, 69, 104, 27, 21, 112, 50, 41, 100, 88]
  Máquina 3: [27, 35, 29, 117, 114, 32, 20, 30, 69, 66, 42, 88, 19, 103, 26, 5, 82, 98, 99, 6]
  Máquina 4: [69, 113, 28, 100, 65, 67, 27, 11, 43, 54, 22, 18, 33, 93, 1, 9, 89, 104, 19, 20]
  Máquina 5: [83, 94, 40, 84, 113, 62, 80, 47, 106, 88, 61, 89, 66, 50, 29, 70, 22, 118, 95, 105]
