Instância: ins639_m=6_j=120_t=120_sw=h_dens=d_var=19
============================================================

Parâmetros do AG:
  - População: 100
  - Gerações: 1000
  - Prob. Crossover: 0.8
  - Prob. Mutação: 0.2

Dados da Instância:
  - Máquinas: 6
  - Jobs: 120
  - Ferramentas: 120

Resultados:
  - Tempo de execução: 21.31s
  - Makespan inicial: 3744.0
  - Melhor makespan: 3341.0
  - Melhoria: 403.0 (10.76%)

Melhor solução encontrada:
  Máquina 0: [114, 56, 49, 86, 47, 20, 6, 99, 9, 85, 17, 68, 93, 112, 21, 29, 75, 3, 46, 79]
  Máquina 1: [74, 103, 116, 90, 104, 73, 42, 40, 111, 25, 16, 27, 98, 76, 101, 84, 94, 52, 38, 54]
  Máquina 2: [83, 55, 91, 62, 37, 107, 92, 14, 108, 67, 34, 24, 0, 59, 72, 88, 106, 10, 81, 36]
  Máquina 3: [65, 96, 26, 88, 8, 32, 64, 48, 80, 81, 108, 61, 70, 72, 102, 4, 13, 37, 107]
  Máquina 4: [36, 47, 28, 63, 113, 64, 77, 69, 71, 19, 18, 87, 89, 4, 45, 31, 55, 33, 109, 22]
  Máquina 5: [53, 41, 64, 11, 110, 50, 117, 33, 44, 95, 18, 7, 51, 23, 100, 118, 1, 39, 43, 119]
