Instância: ins587_m=6_j=120_t=120_sw=l_dens=d_var=7
============================================================

Parâmetros do AG:
  - População: 100
  - Gerações: 1000
  - Prob. Crossover: 0.8
  - Prob. Mutação: 0.2

Dados da Instância:
  - Máquinas: 6
  - Jobs: 120
  - Ferramentas: 120

Resultados:
  - Tempo de execução: 21.33s
  - Makespan inicial: 2364.0
  - Melhor makespan: 2160.0
  - Melhoria: 204.0 (8.63%)

Melhor solução encontrada:
  Máquina 0: [113, 59, 71, 49, 96, 118, 35, 74, 28, 90, 18, 19, 72, 112, 22, 76, 63, 91, 24, 108]
  Máquina 1: [35, 51, 6, 14, 108, 22, 54, 95, 102, 98, 43, 39, 21, 59, 25, 67, 31, 52, 92]
  Máquina 2: [12, 115, 49, 89, 114, 111, 63, 80, 67, 53, 44, 24, 10, 88, 90, 5, 22, 9, 4, 2]
  Máquina 3: [1, 76, 77, 8, 97, 10, 7, 73, 66, 3, 104, 13, 30, 86, 12, 117, 100, 70, 84, 101]
  Máquina 4: [61, 41, 20, 50, 27, 45, 79, 78, 103, 0, 40, 58, 29, 82, 26, 68, 47, 119, 55, 85, 34]
  Máquina 5: [93, 94, 11, 116, 109, 87, 65, 107, 16, 64, 46, 36, 57, 69, 60, 105, 37, 38, 48, 32, 23]
