Instância: ins600_m=6_j=120_t=120_sw=l_dens=d_var=20
============================================================

Parâmetros do AG:
  - População: 100
  - Gerações: 1000
  - Prob. Crossover: 0.8
  - Prob. Mutação: 0.2

Dados da Instância:
  - Máquinas: 6
  - Jobs: 120
  - Ferramentas: 120

Resultados:
  - Tempo de execução: 21.76s
  - Makespan inicial: 2178.0
  - Melhor makespan: 2022.0
  - Melhoria: 156.0 (7.16%)

Melhor solução encontrada:
  Máquina 0: [85, 101, 65, 71, 115, 99, 89, 81, 45, 28, 26, 100, 116, 48, 67, 96, 3, 1, 108]
  Máquina 1: [57, 25, 61, 66, 48, 1, 51, 83, 2, 37, 60, 72, 103, 71, 65, 75, 9, 12, 42, 33]
  Máquina 2: [44, 83, 41, 75, 78, 62, 29, 64, 12, 81, 111, 90, 65, 82, 3, 36, 38, 30, 63]
  Máquina 3: [64, 88, 11, 80, 69, 49, 22, 39, 53, 73, 0, 74, 92, 119, 43, 24, 56, 5, 48, 70]
  Máquina 4: [68, 87, 53, 40, 8, 105, 23, 16, 19, 10, 114, 35, 104, 0, 21, 98, 20, 7, 86, 94, 117]
  Máquina 5: [118, 112, 113, 93, 97, 102, 109, 107, 18, 27, 58, 59, 17, 77, 91, 4, 32, 52, 54, 106]
