Instância: ins630_m=6_j=120_t=120_sw=h_dens=d_var=10
============================================================

Parâmetros do AG:
  - População: 100
  - Gerações: 1000
  - Prob. Crossover: 0.8
  - Prob. Mutação: 0.2

Dados da Instância:
  - Máquinas: 6
  - Jobs: 120
  - Ferramentas: 120

Resultados:
  - Tempo de execução: 21.25s
  - Makespan inicial: 3455.0
  - Melhor makespan: 3141.0
  - Melhoria: 314.0 (9.09%)

Melhor solução encontrada:
  Máquina 0: [37, 98, 111, 62, 20, 45, 16, 104, 95, 29, 60, 92, 78, 42, 73, 15, 19, 36, 49, 79]
  Máquina 1: [21, 27, 51, 65, 36, 19, 60, 64, 50, 24, 119, 61, 95, 73, 109, 40, 87, 71, 105, 47]
  Máquina 2: [17, 25, 72, 77, 109, 16, 68, 88, 105, 8, 73, 21, 113, 24, 10, 9, 14, 42, 110]
  Máquina 3: [74, 91, 6, 4, 77, 101, 119, 118, 110, 87, 30, 109, 68, 48, 99, 96, 10, 100, 72]
  Máquina 4: [81, 38, 100, 32, 89, 114, 80, 111, 61, 53, 30, 59, 103, 85, 69, 106, 63, 44, 82, 11, 3]
  Máquina 5: [55, 84, 116, 31, 18, 93, 74, 5, 108, 7, 75, 86, 22, 54, 13, 67, 56, 2, 70, 78]
