Instância: ins624_m=6_j=120_t=120_sw=h_dens=d_var=4
============================================================

Parâmetros do AG:
  - População: 100
  - Gerações: 1000
  - Prob. Crossover: 0.8
  - Prob. Mutação: 0.2

Dados da Instância:
  - Máquinas: 6
  - Jobs: 120
  - Ferramentas: 120

Resultados:
  - Tempo de execução: 21.35s
  - Makespan inicial: 3563.0
  - Melhor makespan: 3095.0
  - Melhoria: 468.0 (13.13%)

Melhor solução encontrada:
  Máquina 0: [103, 70, 22, 88, 8, 10, 81, 23, 117, 96, 95, 84, 60, 63, 76, 2, 111, 13, 61, 112]
  Máquina 1: [14, 44, 93, 89, 39, 23, 30, 22, 84, 112, 66, 15, 81, 49, 31, 115, 48, 74, 72, 40]
  Máquina 2: [33, 24, 79, 3, 4, 65, 114, 38, 26, 54, 72, 34, 13, 19, 28, 43, 31, 68, 49]
  Máquina 3: [63, 18, 5, 85, 21, 15, 33, 59, 58, 83, 62, 109, 6, 28, 84, 60, 80, 2, 12, 43]
  Máquina 4: [67, 106, 36, 62, 37, 55, 118, 50, 98, 56, 45, 38, 76, 87, 116, 77, 63, 113, 82, 35]
  Máquina 5: [91, 64, 97, 104, 94, 25, 117, 71, 16, 19, 43, 9, 26, 46, 57, 105, 110, 99, 52, 119]
