Instância: ins640_m=6_j=120_t=120_sw=h_dens=d_var=20
============================================================

Parâmetros do AG:
  - População: 100
  - Gerações: 1000
  - Prob. Crossover: 0.8
  - Prob. Mutação: 0.2

Dados da Instância:
  - Máquinas: 6
  - Jobs: 120
  - Ferramentas: 120

Resultados:
  - Tempo de execução: 21.50s
  - Makespan inicial: 3638.0
  - Melhor makespan: 3340.0
  - Melhoria: 298.0 (8.19%)

Melhor solução encontrada:
  Máquina 0: [86, 51, 47, 29, 114, 24, 119, 44, 46, 117, 84, 45, 112, 56, 3, 111, 53, 100, 40, 12]
  Máquina 1: [100, 107, 48, 12, 24, 108, 6, 69, 49, 82, 84, 47, 105, 61, 92, 36, 1, 25, 72, 22]
  Máquina 2: [92, 60, 110, 20, 93, 3, 37, 76, 69, 99, 91, 25, 67, 97, 42, 118, 66, 65, 112, 78]
  Máquina 3: [88, 33, 106, 80, 77, 109, 74, 46, 14, 118, 71, 62, 68, 55, 67, 22, 51, 20, 34, 93]
  Máquina 4: [96, 4, 68, 115, 18, 97, 43, 77, 70, 106, 32, 74, 112, 33, 116, 102, 15, 16, 87, 49]
  Máquina 5: [26, 52, 19, 0, 103, 31, 87, 64, 38, 77, 89, 28, 23, 59, 7, 70, 58, 75, 30, 98]
