Instância: ins597_m=6_j=120_t=120_sw=l_dens=d_var=17
============================================================

Parâmetros do AG:
  - População: 100
  - Gerações: 1000
  - Prob. Crossover: 0.8
  - Prob. Mutação: 0.2

Dados da Instância:
  - Máquinas: 6
  - Jobs: 120
  - Ferramentas: 120

Resultados:
  - Tempo de execução: 21.28s
  - Makespan inicial: 2250.0
  - Melhor makespan: 2005.0
  - Melhoria: 245.0 (10.89%)

Melhor solução encontrada:
  Máquina 0: [19, 56, 94, 21, 105, 50, 81, 70, 17, 82, 40, 101, 20, 64, 90, 106, 37, 57, 110, 35]
  Máquina 1: [80, 118, 100, 66, 41, 64, 17, 59, 32, 83, 5, 110, 43, 106, 13, 74, 39, 111, 90, 19]
  Máquina 2: [43, 75, 3, 83, 60, 18, 91, 47, 92, 88, 1, 53, 108, 65, 10, 5, 107, 59, 15, 0]
  Máquina 3: [24, 33, 55, 96, 27, 9, 84, 29, 6, 7, 18, 38, 113, 19, 65, 43, 28, 61, 53]
  Máquina 4: [36, 31, 69, 71, 58, 34, 16, 28, 79, 109, 99, 14, 54, 87, 95, 85, 89, 117, 115, 2]
  Máquina 5: [98, 69, 89, 8, 85, 45, 49, 87, 73, 114, 46, 48, 62, 102, 72, 30, 42, 68, 26, 103]
