Instância: ins569_m=6_j=120_t=120_sw=l_dens=s_var=9
============================================================

Parâmetros do AG:
  - População: 100
  - Gerações: 1000
  - Prob. Crossover: 0.8
  - Prob. Mutação: 0.2

Dados da Instância:
  - Máquinas: 6
  - Jobs: 120
  - Ferramentas: 120

Resultados:
  - Tempo de execução: 21.78s
  - Makespan inicial: 776.0
  - Melhor makespan: 668.0
  - Melhoria: 108.0 (13.92%)

Melhor solução encontrada:
  Máquina 0: [32, 89, 106, 112, 2, 114, 25, 63, 39, 77, 74, 40, 28, 109, 29, 52, 68, 11, 78, 102]
  Máquina 1: [112, 96, 28, 11, 99, 106, 70, 66, 103, 89, 20, 53, 38, 104, 30, 68, 45, 2, 9, 100]
  Máquina 2: [4, 99, 31, 61, 26, 63, 48, 1, 118, 69, 13, 100, 32, 36, 85, 119, 23, 54, 114, 30]
  Máquina 3: [41, 116, 51, 108, 0, 100, 36, 14, 83, 26, 113, 28, 6, 17, 48, 104, 95, 97, 72, 78]
  Máquina 4: [7, 90, 28, 39, 95, 18, 115, 70, 31, 110, 37, 47, 64, 82, 114, 91, 66, 33, 92, 86]
  Máquina 5: [87, 12, 48, 57, 88, 22, 75, 64, 20, 47, 92, 54, 101, 58, 43, 65, 71, 59, 55, 19]
