Instância: ins579_m=6_j=120_t=120_sw=l_dens=s_var=19
============================================================

Parâmetros do AG:
  - População: 100
  - Gerações: 1000
  - Prob. Crossover: 0.8
  - Prob. Mutação: 0.2

Dados da Instância:
  - Máquinas: 6
  - Jobs: 120
  - Ferramentas: 120

Resultados:
  - Tempo de execução: 21.80s
  - Makespan inicial: 769.0
  - Melhor makespan: 613.0
  - Melhoria: 156.0 (20.29%)

Melhor solução encontrada:
  Máquina 0: [68, 13, 1, 20, 50, 2, 52, 53, 79, 76, 31, 27, 47, 71, 35, 102, 117, 33, 70, 82]
  Máquina 1: [72, 55, 80, 43, 18, 49, 118, 37, 4, 100, 34, 63, 69, 107, 64, 111, 31, 97, 30, 16]
  Máquina 2: [29, 76, 1, 108, 81, 33, 47, 56, 30, 0, 6, 100, 28, 34, 66, 14, 22, 74, 42, 77]
  Máquina 3: [4, 40, 57, 119, 3, 59, 85, 89, 94, 51, 12, 111, 92, 32, 41, 19, 55, 72, 117, 106]
  Máquina 4: [93, 85, 26, 111, 91, 75, 118, 84, 116, 72, 66, 58, 88, 12, 97, 34, 74, 65, 49, 103]
  Máquina 5: [104, 90, 60, 118, 73, 97, 25, 36, 39, 9, 16, 53, 45, 86, 58, 91, 99, 49, 114, 23]
