Instância: ins613_m=6_j=120_t=120_sw=h_dens=s_var=13
============================================================

Parâmetros do AG:
  - População: 100
  - Gerações: 1000
  - Prob. Crossover: 0.8
  - Prob. Mutação: 0.2

Dados da Instância:
  - Máquinas: 6
  - Jobs: 120
  - Ferramentas: 120

Resultados:
  - Tempo de execução: 21.70s
  - Makespan inicial: 1247.0
  - Melhor makespan: 1015.0
  - Melhoria: 232.0 (18.60%)

Melhor solução encontrada:
  Máquina 0: [51, 46, 21, 19, 112, 90, 106, 41, 23, 43, 7, 67, 57, 3, 20, 16, 77, 44, 49, 103]
  Máquina 1: [89, 98, 96, 118, 76, 64, 115, 87, 3, 21, 2, 20, 12, 1, 49, 94, 35, 114, 84, 44]
  Máquina 2: [19, 82, 89, 49, 15, 4, 115, 98, 58, 14, 22, 3, 103, 7, 111, 112, 118, 40, 81, 65]
  Máquina 3: [14, 109, 4, 76, 87, 39, 22, 74, 117, 83, 29, 100, 35, 104, 98, 53, 66, 5, 93, 50]
  Máquina 4: [108, 75, 60, 1, 118, 0, 95, 26, 10, 30, 33, 88, 71, 92, 42, 6, 85, 73, 116, 114]
  Máquina 5: [119, 103, 64, 59, 89, 91, 55, 38, 24, 99, 106, 50, 74, 69, 85, 73, 67, 22, 80, 4]
