Instância: ins567_m=6_j=120_t=120_sw=l_dens=s_var=7
============================================================

Parâmetros do AG:
  - População: 100
  - Gerações: 1000
  - Prob. Crossover: 0.8
  - Prob. Mutação: 0.2

Dados da Instância:
  - Máquinas: 6
  - Jobs: 120
  - Ferramentas: 120

Resultados:
  - Tempo de execução: 21.47s
  - Makespan inicial: 704.0
  - Melhor makespan: 568.0
  - Melhoria: 136.0 (19.32%)

Melhor solução encontrada:
  Máquina 0: [17, 70, 4, 69, 91, 85, 65, 101, 72, 107, 52, 29, 58, 22, 76, 37, 31, 108, 19, 106]
  Máquina 1: [16, 22, 12, 85, 43, 108, 17, 61, 25, 94, 45, 54, 65, 112, 66, 76, 11, 87, 111, 33]
  Máquina 2: [45, 6, 48, 5, 49, 94, 72, 91, 101, 115, 112, 35, 55, 34, 47, 39, 56, 42, 23, 8]
  Máquina 3: [23, 12, 22, 118, 97, 74, 2, 117, 81, 113, 48, 1, 102, 8, 76, 0, 63, 19, 30, 43]
  Máquina 4: [16, 100, 109, 85, 9, 41, 53, 57, 31, 83, 4, 88, 62, 63, 86, 114, 71, 10, 81, 52]
  Máquina 5: [119, 69, 74, 1, 68, 36, 116, 66, 77, 58, 28, 118, 70, 43, 2, 25, 99, 103, 78, 75]
