Instância: ins604_m=6_j=120_t=120_sw=h_dens=s_var=4
============================================================

Parâmetros do AG:
  - População: 100
  - Gerações: 1000
  - Prob. Crossover: 0.8
  - Prob. Mutação: 0.2

Dados da Instância:
  - Máquinas: 6
  - Jobs: 120
  - Ferramentas: 120

Resultados:
  - Tempo de execução: 21.48s
  - Makespan inicial: 1179.0
  - Melhor makespan: 1004.0
  - Melhoria: 175.0 (14.84%)

Melhor solução encontrada:
  Máquina 0: [68, 62, 96, 114, 63, 1, 64, 42, 75, 82, 60, 8, 30, 95, 70, 52, 66, 28, 18, 79]
  Máquina 1: [78, 72, 25, 71, 48, 86, 13, 5, 47, 94, 54, 24, 107, 37, 10, 39, 15, 87, 56, 91]
  Máquina 2: [103, 102, 32, 17, 76, 30, 51, 36, 54, 25, 12, 34, 100, 6, 24, 95, 84, 1, 13, 109]
  Máquina 3: [109, 73, 35, 32, 45, 67, 110, 12, 92, 46, 3, 58, 65, 117, 2, 20, 111, 57, 33, 113]
  Máquina 4: [58, 15, 77, 101, 17, 50, 113, 19, 14, 47, 97, 108, 102, 112, 4, 57, 99, 115, 80, 86]
  Máquina 5: [100, 77, 17, 98, 7, 93, 104, 102, 112, 22, 74, 23, 76, 55, 89, 44, 83, 50, 90, 31]
