Instância: ins621_m=6_j=120_t=120_sw=h_dens=d_var=1
============================================================

Parâmetros do AG:
  - População: 100
  - Gerações: 1000
  - Prob. Crossover: 0.8
  - Prob. Mutação: 0.2

Dados da Instância:
  - Máquinas: 6
  - Jobs: 120
  - Ferramentas: 120

Resultados:
  - Tempo de execução: 21.23s
  - Makespan inicial: 3497.0
  - Melhor makespan: 3115.0
  - Melhoria: 382.0 (10.92%)

Melhor solução encontrada:
  Máquina 0: [112, 45, 109, 53, 90, 26, 44, 55, 93, 68, 66, 28, 104, 48, 91, 33, 36, 20, 47, 85]
  Máquina 1: [2, 113, 95, 45, 75, 73, 94, 74, 101, 78, 28, 52, 102, 18, 47, 7, 115, 23, 97, 70]
  Máquina 2: [90, 7, 89, 45, 38, 24, 119, 111, 16, 10, 114, 4, 6, 61, 95, 106, 112, 1, 33, 103]
  Máquina 3: [71, 57, 48, 37, 74, 20, 63, 76, 56, 40, 114, 92, 96, 27, 82, 87, 65, 94, 106, 117]
  Máquina 4: [26, 12, 0, 34, 107, 25, 96, 54, 88, 69, 72, 84, 3, 27, 92, 105, 20, 80, 52, 108]
  Máquina 5: [110, 77, 11, 36, 17, 59, 35, 67, 54, 29, 5, 61, 41, 100, 34, 6, 99, 43, 98, 31]
