Instância: ins601_m=6_j=120_t=120_sw=h_dens=s_var=1
============================================================

Parâmetros do AG:
  - População: 100
  - Gerações: 1000
  - Prob. Crossover: 0.8
  - Prob. Mutação: 0.2

Dados da Instância:
  - Máquinas: 6
  - Jobs: 120
  - Ferramentas: 120

Resultados:
  - Tempo de execução: 21.62s
  - Makespan inicial: 1314.0
  - Melhor makespan: 1002.0
  - Melhoria: 312.0 (23.74%)

Melhor solução encontrada:
  Máquina 0: [11, 89, 13, 24, 6, 70, 99, 43, 60, 116, 33, 71, 73, 97, 34, 74, 1, 28, 21, 54]
  Máquina 1: [87, 39, 64, 118, 6, 61, 55, 75, 1, 99, 40, 36, 101, 84, 88, 18, 96, 51, 106, 5]
  Máquina 2: [6, 48, 8, 55, 112, 94, 56, 49, 91, 115, 72, 47, 42, 23, 35, 39, 101, 45, 5, 34]
  Máquina 3: [100, 50, 109, 87, 53, 117, 39, 76, 14, 29, 98, 5, 93, 22, 4, 83, 66, 35, 104, 74]
  Máquina 4: [57, 9, 52, 4, 62, 88, 85, 71, 114, 16, 31, 53, 63, 10, 100, 83, 86, 109, 81, 41]
  Máquina 5: [74, 28, 78, 118, 68, 36, 119, 1, 77, 70, 66, 103, 2, 69, 116, 25, 99, 58, 43, 75]
