Instância: ins616_m=6_j=120_t=120_sw=h_dens=s_var=16
============================================================

Parâmetros do AG:
  - População: 100
  - Gerações: 1000
  - Prob. Crossover: 0.8
  - Prob. Mutação: 0.2

Dados da Instância:
  - Máquinas: 6
  - Jobs: 120
  - Ferramentas: 120

Resultados:
  - Tempo de execução: 21.82s
  - Makespan inicial: 1297.0
  - Melhor makespan: 1113.0
  - Melhoria: 184.0 (14.19%)

Melhor solução encontrada:
  Máquina 0: [19, 105, 96, 5, 85, 31, 23, 56, 52, 4, 77, 39, 25, 7, 68, 35, 18, 41, 82, 99]
  Máquina 1: [3, 119, 95, 60, 31, 56, 7, 9, 104, 8, 76, 34, 86, 41, 116, 67, 46, 91, 35, 117]
  Máquina 2: [71, 82, 3, 57, 112, 116, 83, 70, 53, 114, 85, 46, 117, 7, 62, 50, 39, 94, 73, 52]
  Máquina 3: [23, 0, 113, 63, 30, 12, 117, 81, 76, 2, 1, 74, 43, 22, 8, 19, 48, 118, 97, 102]
  Máquina 4: [91, 9, 63, 96, 58, 84, 110, 74, 14, 97, 48, 87, 113, 19, 12, 92, 17, 85, 119, 16]
  Máquina 5: [71, 94, 108, 97, 91, 43, 114, 80, 81, 78, 59, 10, 87, 102, 42, 16, 93, 88, 8, 66]
