Instância: ins592_m=6_j=120_t=120_sw=l_dens=d_var=12
============================================================

Parâmetros do AG:
  - População: 100
  - Gerações: 1000
  - Prob. Crossover: 0.8
  - Prob. Mutação: 0.2

Dados da Instância:
  - Máquinas: 6
  - Jobs: 120
  - Ferramentas: 120

Resultados:
  - Tempo de execução: 21.65s
  - Makespan inicial: 2548.0
  - Melhor makespan: 2328.0
  - Melhoria: 220.0 (8.63%)

Melhor solução encontrada:
  Máquina 0: [1, 54, 76, 3, 24, 22, 47, 19, 65, 44, 7, 48, 92, 116, 104, 117, 21, 34, 15]
  Máquina 1: [54, 118, 87, 98, 5, 35, 83, 19, 3, 36, 31, 46, 14, 78, 26, 117, 2, 92, 94]
  Máquina 2: [36, 8, 105, 56, 4, 13, 66, 93, 26, 109, 95, 83, 23, 28, 20, 50, 30, 43, 77]
  Máquina 3: [39, 66, 82, 107, 68, 80, 88, 8, 97, 101, 110, 59, 74, 20, 38, 112, 71, 61, 41, 11]
  Máquina 4: [90, 40, 64, 77, 56, 63, 33, 8, 75, 115, 70, 103, 71, 100, 86, 16, 60, 58, 82, 17]
  Máquina 5: [79, 91, 6, 119, 67, 37, 57, 114, 49, 25, 45, 108, 42, 69, 27, 99, 85, 51, 96, 113, 89, 102, 62]
