Instância: ins636_m=6_j=120_t=120_sw=h_dens=d_var=16
============================================================

Parâmetros do AG:
  - População: 100
  - Gerações: 1000
  - Prob. Crossover: 0.8
  - Prob. Mutação: 0.2

Dados da Instância:
  - Máquinas: 6
  - Jobs: 120
  - Ferramentas: 120

Resultados:
  - Tempo de execução: 21.21s
  - Makespan inicial: 4130.0
  - Melhor makespan: 3591.0
  - Melhoria: 539.0 (13.05%)

Melhor solução encontrada:
  Máquina 0: [75, 56, 93, 87, 12, 99, 33, 29, 106, 1, 49, 13, 57, 85, 42, 109, 102, 55]
  Máquina 1: [40, 70, 98, 39, 28, 38, 19, 83, 6, 111, 5, 3, 27, 24, 108, 10, 73, 48, 113, 30]
  Máquina 2: [110, 7, 85, 117, 68, 18, 52, 97, 71, 61, 76, 104, 63, 39, 31, 100, 91, 6, 114]
  Máquina 3: [76, 89, 104, 53, 112, 81, 32, 0, 9, 84, 67, 88, 35, 62, 60, 44, 56, 36, 92]
  Máquina 4: [107, 37, 47, 72, 0, 22, 23, 60, 95, 58, 11, 96, 53, 103, 8, 105, 54, 21, 43, 69, 31, 15]
  Máquina 5: [34, 16, 78, 118, 4, 41, 64, 59, 94, 79, 86, 80, 66, 25, 82, 17, 119, 20, 26, 90, 116]
